2,1094.2686835139884,2000.1822529956708,0.6837188434624207,0.010938056341522544,0.08488331040297649,1.2170142245050148,0.5286839480629568,0.6397629589608995,20000
3,1399.1294030125493,3535.2814939624855,0.853111873792292,0.00987011708797315,0.0968669513359465,0.9137286917441527,0.2838849677210374,0.33094757156232874,20000
4,1071.6677181609855,1639.084339655888,0.9688967710426697,0.011171270894441922,0.05383325555017481,0.8860421511141542,0.5185484217033062,0.6507769270619536,20000
5,2286.1283971526564,2046.9584592919514,1.252658176516124,0.008554567606867252,0.06813777596551904,1.2443670138240022,0.5033850214785887,0.9680444408012696,20000
6,1453.4038472727086,2160.4001083997864,1.0138255806887269,0.01373005736500524,0.07464694292459031,0.5525549469358141,0.43596191084502306,0.3581509169898668,20000
7,2576.298497620512,2525.6630116366005,0.9402976536264618,0.007797070080867587,0.055447880365667716,0.5553250209146453,0.7095685368005251,0.37427312765584486,20000
8,4755.711251087657,3177.9752338867547,1.4108844744458466,0.01064790316689113,0.054769513689847095,0.6999737431344356,0.7394840008796512,0.7791570115231944,20000
9,4716.773285909067,2632.842601895262,0.8343903998796882,0.006387449138393364,0.033148332061268014,0.5509313692775257,0.7697241844702039,0.9267568761762208,20000
10,1400.900476257093,2080.792471084222,0.561033419782977,0.01350048689122091,0.03126115603615584,0.7778769135790502,0.6768025796518223,0.4973621238015278,20000
11,2004.205975936081,1623.7287025178255,1.0742247057864092,0.01531791313556365,0.06037252251698905,0.7116186149538264,0.6238312425742322,0.6491288598196824,20000
12,457.3223349426072,1441.7895847054235,1.3415196653145542,0.016215153430883405,0.07099488425099279,0.9114131125269651,0.3573061553217775,0.540581617877078,20000
13,966.9013981278613,2079.2536126441396,1.8793491524409207,0.01701142200435127,0.06402012803031365,1.1633330923992224,0.1851476222235662,0.5055031802661377,20000
14,541.6730240126478,1367.6367819103766,1.3299022619247478,0.01496103822447694,0.04731023994206826,0.8060854090688419,0.26510773745754984,0.7224600740701441,20000
15,890.2290865498242,2409.036573895481,1.0079659135619194,0.022169998510539544,0.05211490405467738,1.0027710255262243,0.2802187244424753,0.43872441562296416,20000
16,2446.3779832569753,3113.3318701929575,1.2693904922784924,0.021958455621975046,0.043589967976768944,0.5735256600562136,0.2225852076654454,0.40440275402646664,20000
17,891.0855294797053,1385.35217219036,1.215723981938273,0.010963701709492558,0.043242770481192176,0.6697303696662681,0.19267672777538952,0.9287617151435292,20000
18,698.0159220467094,1474.421512009431,1.7094847597847775,0.008853474793074103,0.07533304803108308,0.7227259171665993,0.3083163734322878,0.5678511862122841,20000
19,786.2647127495203,1468.3380512504064,1.4452464335639545,0.012364595256318549,0.08748458561567839,1.2060410759245828,0.30553929539500296,0.7620740270355406,20000
20,574.148186890226,1552.1893739712616,1.2457021850757004,0.011828019130823186,0.039136902327084847,0.8802639031490536,0.20556006094091345,0.8213680735463658,20000
21,963.161507272959,1653.7170834563026,1.4213964031126072,0.009432044764104154,0.07491457240801928,1.1468918780171593,0.45795625654576405,0.5597316896308174,20000
22,569.2199299658995,1329.4901171217052,1.7380892429510537,0.009488220421523263,0.0625613918290771,0.775007005417047,0.18062687637382532,0.8559301669519652,20000
23,456.4735593210168,1458.9548453431123,1.903991302010525,0.018039420596356444,0.05845585251467975,0.8727206374593895,0.2572323673095734,0.49614582576668675,20000
24,530.1437465672443,993.6258341487389,1.8903778438535692,0.010772040329401593,0.034269302188876874,0.8645682125878705,0.2995517175071971,0.8009530148575754,20000
25,695.2525009956499,1381.6671602935498,1.6249655366726148,0.019906207439130148,0.028805590933858434,1.211616127605436,0.2588602493425082,0.5940114190047668,20000
26,1374.3156707694347,1948.1183220981882,2.6232310063315376,0.00996836387784347,0.06646050829792374,0.6797034024784996,0.23142876626979708,0.4643806874703614,20000
27,1042.6139700132865,977.568129775646,2.2988777174740815,0.01647901102078277,0.0651033419046548,0.6496669700941377,0.38206320521189163,0.6375529076637071,20000
28,1250.2307427864698,1530.6832277481676,2.487804695263489,0.020302647272546572,0.05186256529484626,0.6787707904197723,0.31131862835016405,0.3731646529244614,20000
29,845.8320139569162,908.6762364226524,1.976870354964791,0.023348354760871916,0.0551121047159569,0.637322214362771,0.269265937267978,0.7379718135405238,20000
30,554.9926654687953,1618.5272693095453,1.5282070095279021,0.0186150224803934,0.08514649494090565,1.0182779389947354,0.19125402803903346,0.6899074519332644,20000
31,474.35841517909097,1173.1129562978576,1.7870213210192427,0.021746681609680518,0.07303475864091231,0.7776449085421655,0.2685440496084545,0.6060723066778944,20000
32,3244.122373624601,4056.072864343358,1.442943778594439,0.012942740962430399,0.06984843862817339,0.5437370875586779,0.19820926953134635,0.31074405394638926,20000
33,1508.627067948885,2675.4149512270424,2.7543077102607265,0.03053263482469095,0.038069450935566906,0.9563531887271656,0.13742346160939312,0.40379192642169975,20000
34,504.0608914392366,1240.320929938331,1.7816669960399651,0.030094554072599915,0.04984583541511154,1.0478881870378733,0.3335367232707914,0.36036160811917234,20000
35,729.83746167939,1332.4850889221952,2.208880339030853,0.016242290566713034,0.07114876258965619,0.698746454107852,0.14719591633255105,0.8831304202053145,20000
36,840.4463212175032,2051.588748722455,2.5198588388841174,0.018963337551678932,0.0784593221004521,1.0015371275192062,0.1514183479639081,0.5246192919660776,20000
37,392.450415948334,1395.1878843603245,1.6873280143519962,0.02348669984770084,0.06616940090104163,0.9494722564762225,0.27385722153414394,0.559453145400361,20000
38,1539.9542986175704,2422.867889203662,2.724737217458562,0.02037842272183688,0.03154820320289979,0.7770961317319518,0.16805784126836204,0.4310888496534228,20000
39,783.190223211377,1265.2529275668987,1.2998860015801865,0.020334869826991658,0.042735979819509516,1.0515767129810571,0.36799391815406124,0.7736337660479269,20000
40,706.3695540268516,1075.1626970931732,1.7033161586349905,0.02410479902379019,0.08768513473589305,1.075542684355945,0.2796475754934265,0.9133788573797296,20000
41,566.368456209999,863.5927976280642,2.426459982980892,0.02234514810621827,0.044435823606474883,1.0556765868473352,0.28902606317025886,0.8333682612255022,20000
42,1124.1992338994592,2030.34079896321,1.083468857582977,0.013730537659274495,0.06980138865420116,1.4282639621429825,0.1738265336069366,0.7570763164265916,20000
43,333.8183801565514,510.2054841023427,2.519094652842655,0.03222396302525094,0.07626733301819658,0.8860757020323341,0.312475045662466,0.6693072502361083,20000
44,1097.9260187275358,864.1250139671262,3.1757330823330414,0.0268167676955073,0.05531993089506658,1.2579520422483363,0.32393827325430175,0.9523934922751052,20000
45,1236.423733611182,1349.829896775858,2.625376916339545,0.03476827982979952,0.053958189830136005,0.7347942731945255,0.3054523632252614,0.339240993899436,20000
46,1617.0868514891577,731.8593088638373,2.8207904202418366,0.021723273750896152,0.0629082412769693,0.5735105757277887,0.33343694024590487,0.9720514940035773,20000
47,919.9743068017685,519.0141856165491,2.5036747500580763,0.042707302157823535,0.0652011311467281,0.677590319791159,0.38194645547045336,0.7140207992434205,20000
48,887.2292020770923,552.2630071754996,2.702917645613263,0.03136885096522991,0.05570181619870685,0.6244394207828959,0.248184499489496,0.9040559527532199,20000
49,573.0578486877158,988.2974957460392,2.09781458599757,0.02198926257163964,0.04062992605778667,1.1774806513478162,0.21605026082588613,0.864741983102443,20000
50,867.9532492270798,1291.1700460060447,2.147721397392606,0.04330708761062446,0.09031162696878545,1.2878818267029783,0.18778398628022847,0.5961962096908395,20000
51,1281.0686493670805,2525.5287283147677,1.5736948350030528,0.030117294402895088,0.10322599574736162,0.8959404457098311,0.20202675074723533,0.3603957459044899,20000
52,1025.7004305715163,873.0463521368683,2.240457894606267,0.035451660588300585,0.10528638735289264,0.9477543749759372,0.459289590735546,0.6889217862114501,20000
53,868.1358606261634,1501.625194911386,2.70348141603238,0.03449276430342036,0.07886944503059386,0.8490539666934697,0.19336496796269168,0.5032369712152638,20000
54,430.32043265060736,1229.189622482082,1.8995467797336971,0.01879077428576099,0.03884959283583016,0.8560571053289274,0.3171202019659922,0.4817585691473474,20000
55,538.254211471173,769.3098386830064,1.392238468855416,0.0385399869159344,0.09271516965960053,0.8747623628855951,0.28702620266320444,0.8788864492093621,20000
56,684.30007394563,750.3654145979738,1.5996599230922348,0.03791391004062564,0.04713680515066435,1.0660661100791404,0.39073617187352117,0.7517775427179094,20000
57,846.6132294691719,1486.1926936882664,1.3699733835681631,0.019332443285793727,0.04512119055876735,1.2655152397277147,0.3871689729036558,0.5311399734988776,20000
58,1448.6851881088567,1197.5561200562051,2.8429745092571803,0.018462843487799672,0.044035359853913325,0.5868240006750586,0.30717494793789246,0.5958788495728783,20000
59,1152.4189402882396,795.7862623293685,2.7125008405112783,0.031208827034267472,0.06106030616678746,0.6037455963161724,0.2947918494212113,0.6669713956847115,20000
60,1546.1532982285482,699.7443764611702,1.389970887174147,0.0460621333260828,0.04230552771780792,0.4962213242824401,0.36369361805780537,0.6635468449413037,20000
61,2706.4672559105065,1327.123532485459,3.430136906104626,0.023228642766330587,0.03829865436843152,0.4563427469610923,0.41950053526674436,0.9102107832645961,20000
62,566.6861576181619,502.93661894137597,2.760505963693043,0.041194496146807806,0.0635905314851504,1.2264365742376684,0.3009895344570598,0.5223358212440581,20000
63,2555.063839033085,2427.97721516286,2.9822594897941688,0.025804420973347716,0.0993137197181402,0.599135470269208,0.24395683716489971,0.354020661735854,20000
64,1069.4123220302486,1010.6590840083852,2.634829754114546,0.033613620692878654,0.07993804086405375,0.6531869569065751,0.2690424760889776,0.5869934297721247,20000
65,1446.0387164860965,1591.0646133257017,2.9078949945114587,0.029283242417680457,0.06114912050704117,1.5196905184748697,0.19496064184061307,0.42229002649486486,20000
66,1784.5318195277275,1889.268851712637,3.5921572535498045,0.042708101604016085,0.09759053160150093,0.6850911488390666,0.19440201978343066,0.4618585955504428,20000
67,1144.6074232244741,916.7992088934594,3.8393744315763656,0.04526297576949509,0.09956678938664466,1.5561257910111814,0.16508277151091863,0.8183195686593936,20000
68,627.9752367598375,689.8153131633708,3.461241144804356,0.023935544091474654,0.050863675521877386,1.129591462958324,0.35751932024409755,0.5930505823799067,20000
69,1166.7633789050215,807.8662298953191,3.8465922185308004,0.053893102297633534,0.07900101315364615,0.7099575698694197,0.2473055435779053,0.5835416326868247,20000
70,395.2884332170532,493.27802577982334,1.6236969812734043,0.052154505785816575,0.08508953576051378,1.0140741146503225,0.4075993647650276,0.30150276301565987,20000
71,603.4275899650663,521.6569201932955,2.7169485158342788,0.04596389030216792,0.11661977746528208,1.25757821885184,0.28231797704150335,0.5854587889721641,20000
72,1447.1503853550503,1426.2376440849293,3.035070465508783,0.05244909818467494,0.06146993840857405,1.192060630731717,0.5321232952351179,0.434460205469653,20000
73,605.6415463517237,1511.1530453530947,1.4970496470618984,0.0406977120793998,0.11493045795542246,1.1161689630950837,0.18091660163440804,0.6660509396446621,20000
74,1128.23252465368,1424.3055182015423,2.3427670166751295,0.052185284879989684,0.09466148381210607,1.0679089445672352,0.25343042550568645,0.2504536677418762,20000
75,1154.8821391121544,1041.3035961738274,2.4953103577537257,0.028843175713292812,0.08104017137015632,0.9074706865411365,0.47066851844181207,0.669894603554046,20000
76,798.7950947324919,323.9282027949062,2.76720432038017,0.061942507884805834,0.06932445716518945,1.3492817833743684,0.31670981636015394,0.45110519865056053,20000
77,1320.9253156636237,519.4597331713729,3.7472796301705897,0.06946021114679475,0.06534175643957667,1.42831821743693,0.26080898811456366,0.36956594989644165,20000
78,437.8875997249161,516.0165810065379,2.5525611561255923,0.04282564176782577,0.10359684275160995,0.9856716769440311,0.3646010074284917,0.35265989928426245,20000
79,1068.3504206957166,1202.918640004342,2.579007325477525,0.06246073431968467,0.08678579006299296,0.7874296638095547,0.1931532373801394,0.5174518431840441,20000
80,918.5971587468758,913.9319761710221,3.033723005288046,0.06778453853561951,0.1064829396400296,0.7467044633812194,0.4298849655055951,0.8109265034232906,20000
81,1701.7828856260078,1887.7187840985566,3.1617379860897072,0.03819169506201175,0.08199065972585083,1.4861799081344993,0.18700789303346818,0.28081422819635043,20000
82,2050.4727577639555,2657.6482682665005,1.475798326457835,0.03582357232884803,0.07777007954943375,1.6462021720671367,0.17368363048703464,0.3545220825606944,20000
83,1277.7536493690736,454.19912759035657,3.2937110251355843,0.07046290768081102,0.03758371957477527,1.596484639202671,0.2927563099605564,0.5757475650598649,20000
84,843.4059787900098,855.1565648475254,2.815946976088903,0.026871168251471525,0.047989341494220655,1.1793854761259779,0.43729754411480287,0.3443227014683804,20000
85,1421.5459766656763,1397.3235470399527,2.2580244740204733,0.03451372456228639,0.04746960398106582,0.6550878966893864,0.30179627401595494,0.3827205341331757,20000
86,522.6849447252415,1474.3057685450817,1.8646794186027418,0.025799956959119477,0.05758392594823789,1.0163103461836245,0.21630376028449044,0.5673200220623859,20000
87,1431.7496887305324,1598.9148503941315,2.1016822990973063,0.04674357422681076,0.06682255910816282,1.53885007617802,0.19034451205862463,0.4255301290014259,20000
88,726.1524566712028,523.6722021460574,3.0029187459799087,0.04724191981966848,0.09371772904444266,1.316584472814374,0.2980739000726654,0.46551927344665284,20000
89,1145.9074359421177,536.5074462596842,1.747454016619645,0.0666490258217786,0.050486272541320716,1.5251927859831207,0.4644044526598476,0.29144786812283724,20000
90,503.0432922854403,821.4284614918549,3.5937748545382817,0.029330255871516324,0.08502381282580045,1.01422436497723,0.26455290442477836,0.4715539590269923,20000
91,1328.2030404268799,1508.8993771832193,1.6887986893834914,0.04382421894024504,0.0416191032130633,1.5415999420489788,0.1966003681336796,0.5762830034081556,20000
92,1450.559409620948,1063.7762406058787,3.005181685341287,0.06771320342095603,0.08421336874774914,0.7344934589511378,0.27728708442560007,0.3833683450909642,20000
93,2254.9723789224095,1663.1062192440343,3.890567415631797,0.029935186094666465,0.10047310474654557,0.6128543744475792,0.4428104003573902,0.5779177825046223,20000
94,977.8497711846321,297.07770606511787,3.1612643418064272,0.06667417468835901,0.07530434676594944,1.3549526696150758,0.3247248948980615,0.30811180882119077,20000
95,619.2689998883143,410.506814234274,2.7371799673805834,0.05999141807723557,0.08461287988775654,0.8442685800411407,0.3862571507754029,0.4549149599459994,20000
96,985.3413249163175,1333.5222486697332,3.5766428744941483,0.03167530354900421,0.10322032604256136,0.8302954993253616,0.21301756959291562,0.48412717773507236,20000
97,1368.744623706295,1145.2423120338944,4.152509558822791,0.05132672638608532,0.09303263571825353,0.8060940404548362,0.23773385170147082,0.42725209917973683,20000
98,557.0463202251985,980.5196334683852,3.6283555587628165,0.03584981217362066,0.061836940968807846,0.8676063963875487,0.17626272326950518,0.6586207016633971,20000
99,761.5925198521134,625.5289099066441,1.9947119152118589,0.04837263743969023,0.0817051269596653,1.1563023590427304,0.45035182162848825,0.5978711366086578,20000
100,1413.7092663969322,1809.1783903945409,1.562470433255342,0.030017439542319592,0.1116617774096786,1.5861907328353508,0.29893025143188534,0.36661562744839166,20000
101,765.3032322470772,255.6656000312828,2.4570393293874715,0.07013135235080205,0.07049879136449519,1.3205787246771052,0.38375596141638135,0.3248693217719188,20000
102,482.59391796089136,848.5326459085247,1.1081364936709872,0.0068688859067867515,0.12128338042746499,0.8987146029535407,0.5434043942474196,0.5751222253223436,10000
103,1196.757669393768,1241.4880706374302,1.2793657020013842,0.005721490017706458,0.12602216528681354,1.0790731935588855,0.6702454662616614,0.576639059104435,10000
104,578.4409497692183,985.8177240405251,1.2691872358857466,0.007839225424165987,0.12623989097974533,1.0801789845787249,0.5525889800509067,0.483579496197766,10000
105,825.7817610896723,1123.3145660951056,1.0055381409856918,0.00614480031521094,0.10239044149021209,1.1195335348473168,0.6636735455605391,0.49221911361659587,10000
106,394.45681368397504,838.8882707818788,1.3427465601465778,0.006697726986204556,0.14955559033826932,0.864187630330296,0.5011318330970245,0.4476221304854732,10000
107,311.1366356102086,1007.7871764204513,1.0874845453795061,0.006631394582273441,0.16024908788444522,0.9665683785515267,0.47353656399805466,0.4419149304341809,10000
108,292.69857315287516,855.482450278427,1.2653146856020165,0.00617343203839218,0.1496241475954227,1.0014483748567764,0.39837034198301174,0.5102222004109774,10000
109,321.0757187634563,931.7865769290414,0.9944176151735531,0.005909482041923909,0.16015014602828542,0.9290164166697907,0.4567996086600747,0.5775951615610272,10000
110,285.55020994906965,880.9150695843224,1.3760100073894106,0.004966430610584535,0.1419599527807213,1.0115685972596733,0.4372644762907239,0.4788159911398761,10000
111,287.37327974506854,803.0138994699404,1.6287426349109744,0.005525727471269684,0.13672872075785655,0.8644786813799333,0.4325958736951826,0.3909587511480665,10000
112,274.3241094543275,814.0853894257062,1.3616113276630923,0.00562695748434325,0.14278916232430536,0.9301887903489665,0.32884143065622917,0.5224329337143647,10000
113,334.4429949824791,998.6827592043068,1.2171222589015835,0.004977622643609061,0.1364068757080175,0.9280664265963637,0.4397784218014503,0.3883025807921471,10000
114,298.7802863157225,909.7086956287603,1.4536639404854415,0.006847734888634401,0.12418233727370645,0.9834557189170678,0.3254686305961336,0.47699561673199037,10000
115,466.61300809400666,688.4125929325954,1.8518893793979285,0.005566776174713083,0.1458365073728757,0.7222335802456025,0.46233944923166603,0.5599552713265734,10000
116,262.2334306722731,730.4582571874626,1.3964082733627505,0.004922459227149267,0.16560848155533103,0.7587692778926071,0.338203969102189,0.6548975499664639,10000
117,646.9985656055084,705.5804571966179,1.86600872881328,0.006207767892522932,0.12938103597691414,0.5756763819444963,0.45129362043435817,0.5326387559736803,10000
118,222.52902878655277,748.4112326986316,1.6951006593716307,0.006133362028070184,0.15055441754295304,0.9150745765473418,0.3487730650326394,0.5713619027260471,10000
119,320.86666161063897,744.6560468806651,1.433147763779062,0.007248146290062657,0.14782985188317438,0.7248417192605616,0.43501464319753974,0.5281425804053375,10000
120,313.27022910920033,775.9436095308828,1.5163440175401124,0.0070214078528282285,0.16133739806871394,0.928026167292499,0.40696967898918723,0.5615785496810478,10000
121,353.98591558186126,766.5304917246807,1.344812148058225,0.004749586461230175,0.17822366500294362,0.7493696796486935,0.4082034927233335,0.6498487810842501,10000
122,498.5450186486085,725.1629036014608,2.0925510165102734,0.006581308993094875,0.15419129702021733,0.7086902982785868,0.44625407590975225,0.44253050119816073,10000
123,567.1719847566253,660.0627384804772,2.1034382810217807,0.004748494783654532,0.1711408910687186,0.6580067360101615,0.44520147191705384,0.5302282813059527,10000
124,512.6488585509994,583.2021952807185,1.905545080281102,0.006597199691882088,0.16331786448082294,0.6152269041800644,0.3859481281535007,0.6424423143242216,10000
125,373.7167799325598,589.9517404694311,2.030658719107618,0.0056032771267337704,0.15586125855533076,0.6994282128531863,0.33623582990377343,0.6553104406267877,10000
126,289.5427441328542,792.4125543181415,1.6814848096272366,0.007132418803483571,0.18985769012178558,0.76805379711018,0.3615348381261972,0.4908989004060824,10000
127,823.1749972781066,806.0886349777552,2.1622171931672063,0.006875882416942009,0.17856195306636982,0.5804240358586437,0.4460351853216194,0.5374993858229015,10000
128,485.64507940869396,977.4668284949588,1.390479830485617,0.007877347637274535,0.19033106420391646,0.6564902566857614,0.3174105606051953,0.4751802784612117,10000
129,261.13170963584986,676.4668418701658,1.6664393820748937,0.006523013855810515,0.15969052406316994,0.9186832418459467,0.3611761132059631,0.6780670180520559,10000
130,376.05269960724087,531.5132417101453,2.2257526286580434,0.0068903148494041016,0.13594310322084854,0.7725902282150061,0.3999334103298196,0.5890383480052522,10000
131,261.587408228632,657.8637190949217,1.7523061840166707,0.007310701770277748,0.15957965200253935,0.7710307919708362,0.33817583047791844,0.6266436117478981,10000
132,392.81085542487926,709.0920957350221,1.8916529819976273,0.006041645764623831,0.1497629890023702,0.9876198417448523,0.4265671463757876,0.6412786723304346,10000
133,313.49231426472977,915.6832689118089,1.5050880334974968,0.004916760329115677,0.16267817400106674,1.0179559658245592,0.38143559800761034,0.4589434278652197,10000
134,277.89709522192766,683.8541736784207,2.0194482305981403,0.007272057377207213,0.12462789480395112,0.7853237277058758,0.3191803835831628,0.5111943494451522,10000
135,505.141221712394,631.2579999332842,2.180357202868768,0.008007420337281216,0.1224325266479962,0.7205502896087728,0.4668007455444711,0.4764401155469563,10000
136,239.48816283592376,749.4730498506182,1.850574045766467,0.005688219421963262,0.1267851261822571,1.0274160374623937,0.3424725414413,0.5073462212301995,10000
137,415.0816214516494,588.6020495978241,1.9117804642322598,0.007616829725660219,0.113971675791199,0.896442130976811,0.42904144214503304,0.7082264796363433,10000
138,684.7508229999125,934.5815233441115,2.314147795555888,0.006247434553286305,0.1496367512457436,0.6537720479913393,0.28181246096005397,0.4459851596876382,10000
139,525.7058270609182,788.6070442142923,1.505679045788513,0.0059748053927199726,0.17079587636650642,1.0195802710682063,0.46021225483647277,0.6969288320460169,10000
140,290.35887726383896,753.4884128339329,1.605110511159985,0.006223600267723508,0.13171824125327858,0.909131603940018,0.38129039591426456,0.5253680509572644,10000
141,513.8853991334615,708.1414058710923,1.8141034186253286,0.007269774176332492,0.16600349602304604,1.0178263372195608,0.44714227398421036,0.7004003213788956,10000
142,284.64288919272406,685.430198081975,1.9037953242767771,0.006196713163640586,0.16086614653776835,0.8231877791146512,0.40814048575982487,0.46159329842086005,10000
143,327.6708716982692,669.9074470981726,1.8116465806178494,0.005290118982238133,0.12800784093089726,0.8274581012686915,0.43053403174632693,0.5295470488715027,10000
144,499.17685049941247,727.0116506685204,2.27013750205422,0.006184748062781135,0.12165088865489058,1.0306638823688337,0.4513964905687752,0.4734593412077806,10000
145,255.7104567917642,675.4404645918586,1.6866576039084873,0.0049521300827696894,0.1721056291028814,0.9242856253741746,0.37175248634872365,0.5972390958208854,10000
146,443.45299642972674,765.3089593490492,1.5233508686250987,0.0049206904431812635,0.14717043475101094,0.6426912182771709,0.4110999220563735,0.5308907121113328,10000
147,339.48047691763395,631.4429179746633,1.892960751505571,0.0060121370805353135,0.12919062606550916,0.7090060667996998,0.37141125123810875,0.6077401860137209,10000
148,335.6086110433994,677.0972250064589,1.5017303042823533,0.006478528902247943,0.12238440484456829,0.9017484298486023,0.40572178294977723,0.7049335224929042,10000
149,277.1138557928634,652.2672842268163,1.5506866578699465,0.006879481626436108,0.1701517479313795,0.9460899603127451,0.3528470890807228,0.718942961783418,10000
150,388.26180791240887,866.0883190536309,1.5207408637575177,0.006626181492890843,0.1320553299656406,0.7078365754565507,0.3537862095873248,0.45495938796686314,10000
151,326.9370052772579,663.978528290602,1.843320657290095,0.0076246931171406514,0.16065115402466076,0.7159318494418145,0.35708564141950727,0.5310591217004688,10000
152,311.21224786455934,714.2918077460823,2.2267699465054474,0.007535663806938352,0.11093595349447835,0.8444505437116113,0.29657939035251674,0.4507049030003369,10000
153,390.31827515644727,763.0004178679732,1.7557857259672107,0.005154916135598605,0.1779558075561972,0.6999914809904207,0.422905105298546,0.4431574550438461,10000
154,473.88171251897717,988.336593988881,1.7655781692285613,0.008107821270792721,0.11361378640718205,0.724081132696905,0.28566268706506465,0.46195758573019785,10000
155,453.9862110782968,713.1495254363173,1.9052034729599552,0.0064333254972504025,0.14558359951461905,0.8635751434499046,0.46697129761317857,0.5733789085550262,10000
156,226.21245382883865,693.6786568839301,2.1010944736493444,0.004899267827583348,0.12281583607826535,0.8591449024569617,0.2829595567596192,0.6002673627213125,10000
157,240.06397595645169,596.3876092152292,1.9200772174623586,0.007466042142458806,0.12071620230459564,1.0083969732263292,0.3271752463017892,0.6514194031673267,10000
158,252.15976072230276,700.3901391483903,1.9292070575401472,0.007767792010368176,0.16396679739422995,1.0440503963103374,0.3259334644836505,0.45861992917291683,10000
159,240.8687071292651,684.6109879374669,1.688203011343193,0.00573702954575027,0.16689875982911925,0.8275313350777532,0.285850895166983,0.6915305218720026,10000
160,345.0136276069293,642.4293307003832,2.207339178387003,0.006266039942568537,0.14242042982402547,0.8561933590100476,0.4209631645455662,0.4623746040998625,10000
161,387.96066254184274,750.0446601942464,2.3727392279882835,0.0067842156181132755,0.1482434686036715,0.8032774084105042,0.29916226795216383,0.4461248603003344,10000
162,574.4143609724412,582.9906949884518,1.9927661861590116,0.007863629131795488,0.1342880498671439,0.6729192002585144,0.44149826007361653,0.6792425306640935,10000
163,381.2430359859049,690.1556100055938,2.1578278222042155,0.006396737675457373,0.14694290663498047,0.6659045883880808,0.2989764636498244,0.6118097373159391,10000
164,386.3054426240129,681.9906953398687,1.5064857538544687,0.007020797488685768,0.1620071580081217,0.8982172643804313,0.4478053053983715,0.6459138732988449,10000
165,403.472391632908,693.0121788281406,2.2816985980038176,0.007984392644786667,0.15226301578431464,0.7176542469354359,0.32661449052138875,0.49291194152659895,10000
166,501.1272122328417,739.6005194438976,1.7431790631537865,0.007127134068346258,0.1095378259321679,0.6488889644761539,0.43582035374183403,0.5168139851524092,10000
167,496.5419528764679,695.876964010267,2.0710528392993988,0.006403079145118618,0.16020724156837302,0.6409872147119315,0.35703440614996446,0.522885829938988,10000
168,524.4638927747202,970.211151204686,1.561879226613878,0.006824923988910866,0.13272916692273742,0.6534486582860458,0.32528002724135807,0.5141328886374095,10000
169,334.42036616807076,741.7942657101726,1.6331256361755055,0.005396345569314572,0.12185026759859603,0.9143514037639004,0.44114422509742307,0.5167845195159062,10000
170,304.0344209041267,842.5252095930981,1.6011366512876752,0.008083357238170018,0.17530317894026612,0.788623414074109,0.32948944554446186,0.5203618353407707,10000
171,475.7468739476653,674.9908878033439,1.8698339459333062,0.00812992582998276,0.16146066736855422,0.747531457249096,0.4618391265327024,0.5672205988957727,10000
172,290.8167330095189,660.5874584152493,1.6121571985476437,0.007466921123784962,0.16661245161649496,0.8936368323476316,0.4166443046170309,0.5720966163867313,10000
173,318.562210186534,756.4076129769829,1.5960313677803895,0.006770189872490299,0.1684413433352792,0.7435239844306306,0.3320649556625564,0.5134331834477965,10000
174,190.73297156324708,560.4304416982117,2.3786695219585714,0.005246652857426183,0.13963696854657173,0.9169054081330129,0.29899297522792395,0.6479136405920276,10000
175,584.5651642555025,695.3932478196652,2.283394806396993,0.0058256439313341835,0.1683541183225117,0.6729065375673906,0.4307725114281342,0.4933860023324381,10000
176,272.07170113070407,559.0089310896263,2.40311135041669,0.0046536578697673565,0.1347903397615712,0.7690086834364985,0.30593194227112824,0.6800326745471749,10000
177,404.41438576560245,563.670131054707,2.196829189612181,0.00600689233020894,0.15577699657609667,0.8382930722147656,0.40275690702553,0.6921735172657244,10000
178,435.8443352564874,908.6723973573593,1.7669150441919246,0.004566959348785402,0.12841606592958993,0.6897516485445511,0.31241280160416235,0.5029173150777263,10000
179,211.14801597559259,590.2720541650226,2.1743766601947745,0.005232426590312293,0.1350007828072937,0.9171040616769708,0.3098143781751275,0.5514874588691548,10000
180,277.6537606674956,556.981268172067,2.548904557699235,0.006818184427758523,0.12257720414987464,0.7789402388591272,0.29017450054984495,0.5950890269276095,10000
181,375.05538508770803,516.1904486751882,2.650429008964565,0.005669372044362727,0.12560646045394835,0.8388298273488612,0.36824037527230274,0.6295448641280241,10000
182,308.0582036766561,587.541462620738,2.5547258054272066,0.006486085836980543,0.14746145206804256,0.7879695423830374,0.29440126065546623,0.5798957258254969,10000
183,383.3872616338253,584.6441086988785,2.496936050761564,0.0042652858278011,0.11002994623732303,0.7387254641336978,0.3421961281681219,0.6292910133715056,10000
184,253.16600775207354,493.0648606907566,2.722445052176403,0.005142819294000308,0.12081917009852029,0.9458239794119018,0.34384978450406023,0.6792369097641475,10000
185,279.028798557805,610.7873802266345,2.054351459054179,0.0049431128332138845,0.11557945437257536,0.8002331785113688,0.35428519911105605,0.5663139330774336,10000
186,195.49198168129251,591.615388285185,2.2415373443685547,0.0052363209172122125,0.16225609527395463,0.9659054851990007,0.2567306425511799,0.748205636686383,10000
187,257.94953264678935,629.0552770315401,2.460775144629398,0.00609282522546601,0.1408762489759852,0.8234204673781618,0.2911799122820098,0.5635591408143547,10000
188,443.6523264871229,566.9185307403089,2.951882134681499,0.004229407818347236,0.1617365275364325,0.867963707021013,0.39943174556623284,0.5760083789952825,10000
189,384.4244961760111,497.29846134421,2.8343154553768084,0.006297772983776155,0.10095857704493812,1.1528931120987667,0.3037273132094698,0.8200678188734785,10000
190,208.40976164417236,607.9503275735888,1.9768860247494102,0.004403290709333078,0.14578049832769246,1.0250229842931284,0.2744159100829683,0.693336365148614,10000
191,314.2586070503686,576.5267039488832,2.854043669379002,0.006370818250016525,0.15320442041095494,1.158510314852416,0.29380756698820615,0.5466721316513302,10000
192,300.95412172674554,510.4645919547884,3.140798504525374,0.0059098142527651614,0.1432512995197801,1.1447177149798298,0.28119487408532623,0.6612806812580785,10000
193,366.9881082681666,608.8983518834705,2.051682768421634,0.004518765531454893,0.12829729722268463,0.7835302685893427,0.3948729077653941,0.5345737281260641,10000
194,503.37341592994056,442.74633945516837,2.700409449354496,0.00488635635578442,0.15186663294430458,0.7108379060502265,0.3605728980614486,0.8116397166943556,10000
195,188.41489061832144,545.4901496645867,2.47250412163546,0.004393403396356486,0.15308872369031434,0.9212303368502925,0.2561231936758711,0.7750198041620401,10000
196,202.98831236191893,448.21969725958854,2.5038421109207345,0.004345088305483715,0.1583261673454787,0.8358449696712458,0.26543662609122876,0.7037893518256073,10000
197,346.0537259056296,514.0347904568742,2.5564823813412043,0.004643237681189194,0.13354301260717272,0.879986580582998,0.3641346868819623,0.700700696151998,10000
198,226.07147172512774,504.67627016828277,2.507581012482779,0.005164337786577752,0.1829766738249536,0.9830533706089137,0.31471509376960366,0.6471635112229582,10000
199,344.0474934997746,398.86519719739005,3.0794776632377356,0.003900905505204307,0.15521681247401037,0.8976206377880852,0.3168067202313509,0.8824432478051603,10000
200,399.1952973850312,777.2110207163108,2.3628996542771494,0.004124958356253863,0.1909159379380262,0.7055298254719515,0.22715343816101521,0.6229314382088802,10000
201,270.5056845615991,537.8117121417132,2.0936322370510867,0.004872931251287385,0.17946856330095112,0.8268792365419888,0.22551146501633218,0.9960419594663625,10000
202,975.9033025659709,1777.6429641681877,0.5325805396178886,0.0068152509730308244,0.1575295763353239,1.3030684552040097,0.2679542718634928,0.4288051895362393,10000
203,1035.6815886215638,1408.4728068676968,0.7667364730517261,0.004388822100611199,0.20906002563539178,1.9301834641510818,0.3685640725294716,0.5320889343876781,10000
204,1003.9011488803444,1420.5632862524637,0.6961407560077739,0.007539444718694827,0.19395422742211318,1.8653759653475273,0.40143781085873503,0.4412795617791659,10000
205,1173.1635337295359,1484.3538825294038,0.7394888824659933,0.0033805331887045184,0.18690864279294384,2.0805088303195873,0.2083282180720341,0.636235242952104,10000
206,876.8064866745585,1739.6112913464553,0.8933528799653012,0.006647260401430605,0.1730242866873862,0.882817490813958,0.20139624876461673,0.4005459708039089,10000
207,958.7148106895654,1537.1495190343214,0.678087671676439,0.0062096184595686575,0.2521358433180157,1.5461615646215052,0.16201730248829208,0.5935032865774894,10000
208,716.1472930174516,1504.7428724412318,0.8052627064191035,0.00546015834709494,0.13588438154711044,1.0754231715704174,0.17519528606772644,0.5405813345795999,10000
209,502.74079884933866,1145.6886471434361,1.1623079680995652,0.004443854880616184,0.19156660561448466,1.1914099227980244,0.15932342378786998,0.6773154376603095,10000
210,747.584798138755,1666.3974457874547,1.3064657554565224,0.004013141865080024,0.20674183651761022,0.810727382371782,0.21177172599910024,0.4093157920065108,10000
211,1117.9898826664905,1912.4136379534516,1.6328470023233996,0.0055297352598903705,0.24599046373903935,0.7683303778981986,0.1148694227516116,0.4428308298403421,10000
212,551.7775297235039,1149.226639053369,1.2672064616739878,0.005975080967871327,0.25214529770646293,0.7088719164572705,0.23429516637903558,0.5443417839949354,10000
213,467.0292045748763,1131.2341742341564,1.6364488811580773,0.005463557363144162,0.10543625166877484,0.8263285087271878,0.2318075747555848,0.4562469366732382,10000
214,751.8204240797877,1113.1735856249272,2.3626845491750625,0.003817902608138282,0.08885586635695532,0.6729824126466306,0.16084337801487428,0.5857696465386703,10000
215,457.37059883840504,1158.0605538037744,1.6777265108304962,0.006437491002132966,0.08763466054611194,0.9150751192183091,0.25807223660786843,0.4222212434060392,10000
216,957.0280983725588,1393.769796850249,1.8387560179890683,0.005393444635670555,0.06307847288327927,0.6259134784807585,0.12240036759677213,0.6166335245663405,10000
217,1522.9317953498032,1532.4710916147253,2.2282689042589503,0.004000865287341384,0.09157413168851593,0.4632232205519541,0.17782501444080198,0.5505996635144933,10000
218,277.898950534361,988.1496754915863,1.317327956634664,0.0032543739465992656,0.06831643308064725,0.9601186862315996,0.25810260780133093,0.572016160677067,10000
219,519.2820450881233,1144.6075426720895,1.8322360146479084,0.0021499882830997093,0.06293637934095006,0.8185507921507849,0.20976209589471564,0.4670294198437376,10000
220,623.2067737490697,1407.5661357943468,1.6939323280184269,0.00443478545305562,0.08614003833861818,0.9871014796520786,0.1491784882631854,0.5031295710851855,10000
221,515.3076317421602,714.896468365904,1.2818561700399815,0.0038906433383480085,0.052953710890585315,0.5721162703758281,0.3412470182026546,0.7370825314947026,10000
222,664.1007438548302,1127.8402519438662,1.1118820002124437,0.005138752723257465,0.12122704077022783,0.9210547335918081,0.6284652126976178,0.41363088074046844,10000
223,2801.8045133670485,2062.7419818498274,1.5483484209275928,0.0069253620498097085,0.062185082413361265,1.3255472227367455,0.847047644632343,0.615872928573199,10000
224,690.4812076637121,1122.1267154694897,1.2681801848339245,0.0068858652885084425,0.16833049191537994,0.5642548109894532,0.3438626100815752,0.43868418426944356,10000
225,1134.1949531247521,1404.8516319654332,1.6993992415713606,0.00591175425919374,0.19022452464482842,0.5391416443693121,0.3145261262322656,0.298572071182894,10000
226,1856.9327651222827,1620.9740707713677,1.767203156150461,0.004010475509135285,0.08724015854031943,0.3901045762785204,0.5671717740309983,0.2854546957863061,10000
227,449.01775515748636,1038.3581164495301,1.0478697933145922,0.0056831374306085345,0.14105436105296362,0.6622234327040416,0.40451576251774657,0.4699744656842745,10000
228,472.2771856236146,1362.1495566340207,1.0110486784502677,0.0042112934614283335,0.19924725049094705,0.8773990770679279,0.3340612021097003,0.3973611322296277,10000
229,443.66458134900375,817.4030045178514,0.8474577356739484,0.0075011097682964895,0.09949342975777156,0.6858674664216867,0.46281378369070264,0.6781369854397985,10000
230,1577.1887637555576,1183.1253098812185,1.0270753179679717,0.008993355885857581,0.1184351748845716,0.9361155450573239,0.660751667639124,0.9597662144851712,10000
231,939.8618757627426,1068.1320602390508,0.7821463209093824,0.008654325142558346,0.09159384889157977,0.4419379927297468,0.3513791125995539,0.614590464658282,10000
232,485.85996861990753,1351.5425374147735,0.45492440944904233,0.004961196100361892,0.13216436363393938,0.9642785233878317,0.38692289240263456,0.5582495736709827,10000
233,338.43682418355854,975.405144009429,1.1690059265234645,0.00979181241755872,0.10249729733623238,0.9848454582162939,0.4781197294988668,0.42038416539574963,10000
234,385.2201846838113,794.8281428811166,1.1376070308328419,0.011290045872322655,0.11701825774200085,1.1337410509465486,0.39889142680507583,0.6506168924279132,10000
235,609.1103005019376,919.353884131875,1.1318183321563007,0.012084699252888994,0.14384528561436655,1.4685109266433174,0.2582745364100104,0.7300526004751144,10000
236,753.4934896505596,1315.10396754142,1.552345764740825,0.008857561143161979,0.14134027783948386,1.2175386645206738,0.23433498817917078,0.3326815089813245,10000
237,401.9321963478951,723.4350481671195,1.6269115323753194,0.008155409530147794,0.10520713138837091,0.9939234350705265,0.4464790111346967,0.6409670592751833,10000
238,864.0487490345429,891.311134716758,1.8522519636869115,0.012715679710984275,0.10707939880768164,1.0231367850310098,0.5702100651502073,0.581136372009766,10000
239,971.5867698476593,1077.1241964143287,1.3250983934613567,0.006684427268111467,0.13940648576357267,1.3273312548522245,0.5448261561595019,0.7157560403556091,10000
240,888.5730042696669,1018.4751054569778,1.0373300356919484,0.012283167764856384,0.11466147695375517,1.060744744442873,0.6605430415898946,0.5922157534417661,10000
241,534.1878693336052,751.6470351682254,1.4603761433962488,0.005693919476799253,0.11696919239147494,1.1090660144526745,0.43986507080510584,0.768455274860028,10000
242,369.06740127064126,725.5100935290092,1.9861812255371953,0.009484025158699587,0.14678174682267167,1.185708216837701,0.329183259187882,0.4496298275235591,10000
243,467.3597244912967,666.3907866313183,1.407314592937697,0.012279799487157414,0.07277503936644542,0.6112128193322073,0.4218343670433875,0.501545336044116,10000
244,431.343570329176,537.5833393595822,1.8515103064005616,0.014000726844812043,0.0530708154893501,0.7146402456086588,0.45917817220728707,0.5343682680734202,10000
245,370.88319694403464,988.1078356660139,0.9520227879217861,0.0079352654093723,0.08478622742501252,1.1323664512818135,0.30241340228524327,0.6649950996497614,10000
246,886.2960572497536,1012.6686207030338,1.7111116622143228,0.009264671857840035,0.07577846758600768,0.8248876753978044,0.604036669343143,0.4466429459374847,10000
247,1054.405884938337,1042.7405563796246,1.5492903326204037,0.012621806872813326,0.0935163487760956,0.9147366270926834,0.5997960975497232,0.6838479722645047,10000
248,527.8740885748765,1128.3158846744857,0.9336102656249756,0.016519370748620893,0.06350212330911943,1.1985114641246128,0.4849930581131421,0.29232729852354505,10000
249,420.3382859687903,1238.6615412068206,1.015431284683132,0.00757316904596806,0.10918847483005575,0.8355735607103876,0.39445827285346885,0.3679482108364752,10000
250,245.4659032781174,642.2342371921593,1.683215352402878,0.01687211914968205,0.06925106179728727,1.0031371406875618,0.28745782004910875,0.5571543214827661,10000
251,249.0332554526293,661.094376890374,1.5912862858814207,0.01318849633045644,0.08078388998412027,0.9153883925896598,0.3650549375971404,0.6509653489630093,10000
252,376.4304456459509,619.5153545686238,2.3111301404904547,0.014472117470292483,0.08148856552029372,0.8546366208577367,0.43432088061588564,0.3218949504940103,10000
253,649.1695651959287,1403.4748074951651,1.348725462388939,0.013427195558959864,0.05147894840974114,1.074334825044485,0.23572032798854292,0.331937175912058,10000
254,225.55938585830805,435.5063763474603,2.1336807449058384,0.018662396873558754,0.04677698615440997,0.9113825143500746,0.35322884334256677,0.6708080047701798,10000
255,220.96961034704654,478.98917704049614,2.2879878006634877,0.02421921667718313,0.053988805956265255,0.9310495258057152,0.2843121595841774,0.5252340442691547,10000
256,812.2144269333578,691.4690959792085,2.676916721226033,0.03007755434179463,0.06716625262534337,0.6614932725875272,0.32873833305447836,0.39244772846623555,10000
257,549.6064345149098,959.2768014692757,1.342540428589037,0.029804099906098305,0.06320261074700548,1.2584503818687376,0.2350467563163799,0.4728221588964655,10000
258,290.1438040247077,390.08313953521025,2.579494729237938,0.01859692842153996,0.04065181257075221,0.7567696366933679,0.2741557983700574,0.7200615337200289,10000
259,286.2846145732639,625.2722846063441,1.6507549082116537,0.021078944207003698,0.03661598896056764,0.7815050035218745,0.2907924455974898,0.5431020364296407,10000
260,311.6606926046761,308.17647036346597,2.4873882028368555,0.026303636582481645,0.06367827975392117,0.9901894753871879,0.36620666189975026,0.7479831905920189,10000
261,500.4546281661119,513.3791027632811,3.1829006940638975,0.02128620128914052,0.06793442619541291,1.35184697981934,0.2119591503046314,0.5572027346038254,10000
262,567.3013180587836,672.6628441076886,2.3883842685524708,0.03175569804478104,0.04923273464689185,0.7494333719958474,0.28149515848448164,0.39758844008407834,10000
263,177.8883411166847,355.1587069692212,2.407572633644968,0.022527795965539155,0.0367070792610137,1.0160706324798858,0.33254508196199895,0.6602151787876066,10000
264,903.9691617442259,731.2357462388608,3.2700042976559245,0.02804302370303528,0.05374573641999971,1.2455773110259114,0.4847462377714365,0.6128095226394248,10000
265,257.48845917114943,613.7325001219593,1.7024684776585555,0.01563589685755588,0.046645026465155566,1.01338459281836,0.37989763414943734,0.4864918840641201,10000
266,335.23933176138434,597.8170884454021,2.7922810354921537,0.01814657165405847,0.03977373359619634,0.9751899679012814,0.25076904169626846,0.47444371122106765,10000
267,719.6760641831352,557.8073773411022,2.6517373691634205,0.02613301781326691,0.07021723397400839,1.3631510062926282,0.43750448021214106,0.5945457688911547,10000
268,295.42412267162246,435.99784039701376,2.186933500181409,0.02609911661395681,0.04515289041218621,1.2086345366715645,0.2724180083989808,0.6441487340537118,10000
269,412.56510434439076,734.0839298591951,1.9434781679538529,0.029578190150518633,0.0499569809361907,1.064645408120363,0.2323720065521797,0.49119395055375,10000
270,288.34464012633754,296.51263078107365,3.2449423979578484,0.033553841468934316,0.05457461376397614,0.8485958054232254,0.26816045999544597,0.6252356493938124,10000
271,570.5378219395421,878.1118736700132,2.8256795374785417,0.019275643453631478,0.049711333412361024,0.9200119045890688,0.19394664217704166,0.4462810076596701,10000
272,363.63652046406685,514.947053307288,1.9369791349067897,0.03508863457960868,0.04247454490018927,0.7020724428335617,0.22983132102600215,0.661328131365472,10000
273,311.21870051346076,309.6386630920731,3.0987995723097512,0.03538915399937,0.056016040613690164,0.7607899989316179,0.24834916951017474,0.7418632236908453,10000
274,334.8641084967572,401.6931449931125,2.565804260311599,0.024741310712270818,0.06135870995107106,1.2108614452904114,0.2254768231178788,0.7993898822290492,10000
275,463.81401175172306,335.2979922609795,2.5352263332470586,0.031586514737168954,0.0391762189315956,0.7045418262077107,0.3944032539497806,0.5127230322600784,10000
276,365.1305804829255,384.6573390795593,2.0866275192833488,0.03533137496980216,0.059026629074141905,1.2695280238209556,0.26988441407607533,0.8313142341820874,10000
277,147.40914459333683,313.5253028383699,2.3756255830633437,0.0343261559813976,0.06082525592217109,1.0240110531380904,0.24862013011722472,0.7588391333786043,10000
278,328.65207276800203,321.0044962785797,2.3644354580463354,0.03333145719954932,0.03691026496727237,1.0138334802853572,0.32065499614386006,0.9391421243156702,10000
279,276.86264241869407,511.5937009831551,1.8127100689857916,0.030509873882539746,0.06725828672076499,1.0574815518525997,0.3335298422883802,0.4545586751074206,10000
280,321.69142313768464,304.7062721433587,2.7664539399198183,0.040491477643660664,0.05261793749227116,0.7145236621751968,0.2412951516093223,0.737379454682394,10000
281,202.60780017913171,189.00516476423132,2.9491214322210464,0.042390435731296784,0.05796526077910011,1.0249446152211763,0.26946219058727633,0.7377034010143912,10000
282,150.41467932404373,384.34649689137194,2.3859401737348374,0.024345236913774514,0.05317800371820344,0.8653768902974833,0.197584008494476,0.9214407532996522,10000
283,185.68156013237365,219.2212333124201,2.009668066157731,0.049162253926102815,0.0421625198677184,0.7816000357639415,0.26298188362225094,0.722344775850129,10000
284,295.5762162056886,245.50179987090144,2.72402070053859,0.04092964334472971,0.042183201043366036,0.7059425641588649,0.23330942650847433,0.8252021336918117,10000
285,438.03377287467714,712.7740672505665,2.142475925766569,0.027490648258088793,0.07204985386385651,1.3044057379064449,0.19190469466754445,0.6218424837970801,10000
286,257.4250147598956,189.50631786083298,2.8776831003298873,0.04203744316260125,0.04872464493518106,0.7966153939384117,0.2943418233206045,0.6442721468911107,10000
287,355.4189921797774,210.86949129808428,2.8256627468287223,0.04646513821989783,0.046831808050576434,0.7309649995932238,0.3511256429070415,0.8976805283171692,10000
288,340.00060511388665,578.7345734195654,1.9175501498588208,0.025242789521402128,0.06918462635203666,1.2166734751471078,0.18576455534278022,0.8894721915941517,10000
289,357.96638105461255,282.5308299184791,2.9623370212194615,0.032764249435453176,0.07403365731230269,0.7773286833021992,0.348926961197726,0.8266372458510264,10000
290,361.99088703616104,363.0027404335351,2.7099453722177307,0.04180062171659511,0.05773227927026187,1.3369186193033173,0.18861147741035547,0.7518203792901524,10000
291,206.84964131271,238.90800107418812,2.1118842810144853,0.03352796870520906,0.05360378209034737,0.8550631293082162,0.2645948094681323,0.9823282628352183,10000
292,238.00053501874217,338.2858984826198,2.345708548983848,0.04443523649062284,0.0428554569170964,0.7331748754962191,0.17029279499363614,0.8841877630168196,10000
293,442.07714168760316,674.8198013518944,2.0350375373921588,0.03492376817060901,0.05603652546453766,0.786483921464089,0.22412361923989574,0.5347403572236201,10000
294,298.0769266769157,336.3938236440849,2.035681151248371,0.037474226223564985,0.07571998529501162,0.7621009822597898,0.34909006955612626,0.49366087649179585,10000
295,520.3980989419606,458.99347843131517,3.289815639311143,0.045477829847734436,0.0785793736397777,0.7338332649854088,0.2140856466827962,0.6141893403767122,10000
296,346.98948453060194,336.45355790434616,2.811908888990689,0.029316039127427678,0.04509110876544541,1.1757128036769795,0.29609236749244133,0.8533180878955041,10000
297,227.17740122797625,202.63804141675405,3.0332449527746004,0.04180488033773887,0.039938453446985676,0.8099977100271761,0.26373535058600167,0.6759904029525263,10000
298,307.8154140497139,431.5399155309043,2.8882835690399955,0.02814688671033203,0.06748971623502949,0.8979591795834727,0.2548846882812582,0.5199356079481043,10000
299,352.34951775241666,289.40454456793526,3.1399721839885975,0.026201229034263612,0.07517974324352843,1.1320691238283749,0.31540904536008885,0.8374374265808158,10000
300,395.7591386146938,490.863468851073,1.9379798899425051,0.027217944945444304,0.07400568837127329,1.2841037892489995,0.3447891999273752,0.5892356835591801,10000
301,374.8099247931342,463.80756887337304,3.488399242682043,0.03783543358468168,0.06806965206735542,0.8071927557372585,0.17658035539631595,0.6735051220438575,10000
302,497.23603935847154,307.1071831482682,3.015357265320097,0.035149762795653475,0.05617742992915237,1.3089085097184487,0.33217421639466665,0.7074291714674176,10000
303,316.5501018491671,272.49608511184374,2.590436209376658,0.04485706160874342,0.060680860063711824,0.971835137171432,0.33849510318851794,0.949862489791317,10000
304,283.0805586057383,330.46585264051026,3.2549929337366725,0.04106647075085185,0.044004059364310816,1.1001068037764206,0.21410480014947197,0.6267234804497462,10000
305,317.1599226789943,280.8448138189038,2.1692439671844577,0.04008435527107625,0.043275871221886544,1.1882147047391767,0.27575097731244214,0.7566741994197453,10000
306,285.9981069835779,470.0685207412762,2.0043538045889884,0.04354424695286929,0.06855779538669826,0.9634809814301691,0.23325687782316096,0.5755926959218526,10000
307,216.19388330663202,391.9147915963642,3.0083420801748115,0.027794302671850953,0.06623333808640773,0.8940071171044077,0.2607664127853223,0.5668710524913994,10000
308,211.2427959640379,239.0244065507245,2.8060283137614856,0.03478139343650513,0.060822297846429736,0.8617927212549814,0.3063136880068942,0.8007112668520489,10000
309,282.2733778558755,374.1273413425596,2.3870550557661487,0.03778521939030839,0.07784351477554058,0.7622849614507257,0.2593636489912173,0.6235242662126462,10000
310,411.7029714447308,533.902948017563,2.224894225835576,0.02939620610283953,0.0773926284130043,1.3302791861353853,0.2009667532289578,0.9618865208205495,10000
311,251.47201032099414,228.6834871272854,2.5504478455770085,0.04087117696788597,0.051230640060669234,0.8470060851816192,0.29764664841762395,0.512056472545119,10000
312,491.8002142215999,600.1008986496869,2.147788866078349,0.0310418105806728,0.0749748936328761,1.34502996765225,0.24282289015475456,0.5596945707912184,10000
313,180.66318179453927,207.1455393711857,2.433233055585845,0.0433591754551757,0.05253105555622114,0.9544673548776871,0.3203456015290786,0.7616051270729067,10000
314,189.4066334247887,341.0014022289066,3.371152639679502,0.03567211105633291,0.06828130758947458,0.9684109196686409,0.18747175576356045,0.8152381981588445,10000
315,448.01514659434906,322.14614622892765,3.4291039867866067,0.042930083843915355,0.05373262873815576,1.275302070407306,0.279863777870959,0.951521086137185,10000
316,615.9188918990257,615.6041763243505,2.5094264782238853,0.05027603887387835,0.06761747997349694,0.7132438004670689,0.21580887117818645,0.5461791368460928,10000
317,239.57194088556173,351.9530058349971,2.6796405868660638,0.030905096664045808,0.04613053857805846,0.7754467382590431,0.19839720228188343,0.7850264951232787,10000
318,145.22120609997617,295.3655338604183,2.821116151709868,0.04468479790960228,0.06683279840596854,0.8855717025628195,0.1930165110376962,0.8459955547849649,10000
319,326.77820300252796,291.88265548814616,2.620439523705555,0.037701257718111794,0.059474158464599504,1.0092569638033737,0.2957699442464881,0.9726835402504896,10000
320,196.08928389158336,244.8350285497231,3.0108800710716905,0.03738843707128584,0.07009286553613418,1.1260115290800818,0.23307349668328273,0.8962696158217847,10000
321,195.16135888657413,430.0403318542811,2.569574515197457,0.030631138831398213,0.044715135323203585,0.8353012488795553,0.19037349018340494,0.7312893623323554,10000
322,234.17060787122742,300.28269316713937,2.6751307601315752,0.046971072666067,0.05783630678684565,1.1284391488062733,0.21458057785020174,0.6951221851974462,10000
323,272.4006530598949,406.3669442126619,2.2661049741378347,0.03237996300175593,0.053963616891757195,1.1280411267305652,0.24925228795242105,0.9238654155522507,10000
324,233.78972487713006,327.81327860290753,2.0308318291906566,0.03885522702652435,0.06120726390322382,0.9475388481088322,0.2728236672763399,0.9371050560704941,10000
325,433.8188226253098,710.3854034651114,2.0325841478997626,0.03543752327738855,0.05559552486000059,1.1769742930351932,0.19115307718815247,0.5644257501441252,10000
326,155.65835023301162,187.21165626874685,2.6904046747575427,0.052574315590118506,0.061610762986250976,1.0214032410361003,0.24849426503362976,0.8550515909299954,10000
327,190.34748652376715,217.9482344452559,2.5831614621688175,0.048588719949710334,0.06080251731014535,0.962449878439581,0.24544216744080033,0.9886635226430759,10000
328,320.9322753555748,285.4022133951761,3.2986691935967585,0.062421836949571034,0.0515700434922127,1.0639611410277492,0.18731262004518406,0.6508776996052968,10000
329,263.04917423926395,162.77743706305478,2.8171050931751904,0.04635667589546112,0.0721067252189085,0.7974600166133329,0.28328725741432065,0.9930840892729583,10000
330,257.59840800931636,280.0585265841041,3.0989927359072826,0.037855009215840396,0.054412258877937325,0.809965987931305,0.22981870794127787,0.6791798066054103,10000
331,201.64417011700306,373.1677895714016,2.1471299110611146,0.03240117310211103,0.0627295228033206,0.7443312308253917,0.22260977308294255,0.810585834243393,10000
332,313.31821518465534,254.5872608686495,3.433628655756514,0.03269727767187347,0.06780199062801213,0.8541373769835156,0.30165722472581497,0.999,10000
333,159.24824051335625,268.06682773997386,3.0251838201377605,0.036234971646226986,0.07531076496760881,1.0133276662980932,0.21109711734677242,0.8306668736305581,10000
334,247.7028226670241,364.1111156852943,3.3840020962558635,0.03564894221764508,0.05349163288769076,0.8511486202823075,0.19460645802780036,0.6924534168907397,10000
335,238.71886804493124,196.60035865192037,3.192995147969385,0.05764906758331864,0.08543333160572332,0.9893871623413997,0.26833332059707726,0.999,10000
336,128.57545874822338,172.61589344170562,2.6335606821561512,0.05128636929018275,0.062043381280674915,1.0037934261785935,0.22987054049505334,0.8659716744921631,10000
337,288.08053828464716,220.91924920009296,3.096520451226799,0.05879671694851233,0.07463348153210174,0.6846323997373815,0.2047039425795924,0.8713567014606011,10000
338,195.40647496069457,257.37679940944395,2.2579425316795225,0.039640318268900056,0.07432106483630821,0.8387466864275868,0.2240348487505556,0.999,10000
339,386.04533099413493,134.96328295712468,2.673076487378829,0.055738397435451864,0.05388195264797767,0.6798849502682105,0.29560284409689686,0.999,10000
340,234.92439948367445,280.4768628733775,2.5438279524294547,0.04494565914182718,0.0654519090678881,1.0638905339397857,0.24259150208599412,0.999,10000
341,408.25066981677327,169.27429187808474,2.5983401995202207,0.04775505393353209,0.07037019304873096,0.6337600074637336,0.31348875905322376,0.8586247978564074,10000
342,448.24403837049965,176.2170106496393,1.9284392412865137,0.05251262052989684,0.049138592597478103,0.667005422615576,0.32229389520102913,0.999,10000
343,313.6161224550681,171.7895061410493,3.0707159383475835,0.051748338827044306,0.05165419594344695,0.7176205910214787,0.2952086465245305,0.9091949448729579,10000
344,195.3297842721494,100.18644205082346,3.1534214555251556,0.05854423920905735,0.049959374773870295,0.766816580434361,0.2822827854774067,0.8485547124038199,10000
345,218.55778763334314,245.421296515754,2.1881396802454565,0.04576587784671198,0.06805178727310802,0.8814624709591127,0.24875459946945813,0.999,10000
346,237.81149705564582,183.72083568648893,3.1060989571108637,0.06104079003783021,0.06515978844385807,1.0817548531065375,0.2374837906042554,0.999,10000
347,125.18725102443464,169.83919384389344,2.9155975356447184,0.06898169573034604,0.04355566050912304,1.0152030297913839,0.2051974388647554,0.8767755905087599,10000
348,210.30972510572934,134.92721456642178,3.4113017839619584,0.07820830397644728,0.03447601220211936,0.8531308714822156,0.23692722994741486,0.772211754601996,10000
349,201.40567626823724,105.56071539658357,3.827105536199981,0.06257610907399977,0.03587712618133099,1.1258142547739318,0.25008228719078934,0.7622334631092539,10000
350,158.07489170695192,227.37621465604838,2.6412823224717705,0.05966253907397272,0.05067851986959099,0.8827686938908914,0.19016900112040572,0.999,10000
351,241.74385945693746,222.52358137453285,2.6603060537290966,0.05330019876888305,0.056752321743035586,0.7249194496256872,0.22447227442212808,0.8180456251468216,10000
352,178.11959518554914,110.44513499855908,2.646176367186216,0.07494054055631708,0.03934415523781076,0.7751975553259899,0.21319471374895183,0.9501192841421254,10000
353,170.7091104242552,250.71911804796258,2.3219180345131583,0.06247800166356436,0.04748661850347063,0.9663461793022866,0.18709773120639497,0.999,10000
354,185.71491006927886,233.9689131135912,2.6890168005132558,0.058380706205889775,0.036540237952585555,1.0288846680859383,0.2007793625403981,0.999,10000
355,230.63713331804513,250.4615623660861,3.0641923490017637,0.04864807474864938,0.057308972505023405,0.734320196637995,0.19042834409752252,0.9496904473830706,10000
356,137.85696348631527,179.82457151186017,3.252177834965638,0.06564392425627098,0.03823680284754246,0.9259521580871041,0.1884721245851794,0.999,10000
357,164.06630917621078,166.73257949959608,3.0285414962072084,0.07499962498196931,0.03862043853833014,1.0430810719751131,0.293670057130246,0.8733327375409972,10000
358,168.1217323277732,150.80632642803877,3.013428836729428,0.07061719555854727,0.03697917978593431,1.032861718582405,0.30444860678537655,0.8755300860734486,10000
359,532.4915525580301,546.7631514218323,2.299124323252468,0.04782018953305242,0.058428930442980816,0.7273347661656215,0.18587373592113926,0.6587324385415886,10000
360,176.98502809286498,198.38190232996,2.7032860075140794,0.05017536700615432,0.04370199475183911,0.8577690391411643,0.21258080941576016,0.999,10000
361,157.64904890199028,175.76816462804342,3.0384033503803316,0.06626621783688288,0.054723615930126555,1.0483782652894058,0.20247238727867117,0.9802041496367763,10000
362,221.45779765821501,209.56032639869363,3.680443158505982,0.06833489896681447,0.049060980650444,1.0873209694414365,0.26395267641043574,0.999,10000
363,251.37424174451766,175.78027855466792,3.2704104448067013,0.05328182565681725,0.05817799762541009,0.746127052753356,0.21072940148074468,0.999,10000
364,232.85013176981192,192.8718986463807,3.132684180160426,0.0662296472350724,0.03599187209186264,1.03193841101352,0.2599417261811033,0.999,10000
365,148.5791046971498,128.4410890475824,2.697307105335189,0.07695579922676449,0.04624861119917538,0.9708738817669784,0.24678098482258673,0.999,10000
366,192.13254260152195,199.966910973062,2.380604453194484,0.060958557875170113,0.052283798325466854,0.9354715786064308,0.23833079183012432,0.6986973105921437,10000
367,214.93630736674532,179.62957999462856,2.4503302456425295,0.052326392624248604,0.050412531783067795,0.8954576081726491,0.29691514698721544,0.9996232256116746,10000
368,183.46734003515695,120.73180038391997,2.8623460642430065,0.07091489581272614,0.053637202959949955,0.8415387619217701,0.29930672217681964,0.8661996825131582,10000
369,344.8209538149525,171.75359097309266,3.0283825804029276,0.07112333052378868,0.03592307007446708,0.7503923398782003,0.23550472215424112,0.7356828345201386,10000
370,317.3654722468961,131.581983983016,2.7921652471702205,0.06393067523446669,0.048565724728196036,0.6936722437214878,0.3003797671400117,0.9944394826247941,10000
371,264.2887012985545,112.31651732467314,3.082683626685156,0.07413521112294809,0.0552598593843097,0.7191232087548451,0.23595672610971988,0.999,10000
372,188.9404645271574,104.09756215167751,2.912411072557698,0.07244218397954194,0.04331630369022209,1.0958362268551844,0.2726226859528042,0.8265135153577695,10000
373,365.3005140877113,189.36515301196334,3.2123781290384166,0.05075175015039115,0.04887844955431462,0.6979210486223565,0.28918893770563264,0.7704722920666949,10000
374,211.0344833686827,133.1418279886488,2.859324002125813,0.07170009150401381,0.04285038163001467,0.955621009942625,0.22879004074405232,0.735150666181672,10000
375,174.97399424974824,175.71742366396293,3.3422467084239957,0.06717934361666467,0.03939667224743185,0.9200198149819261,0.2124872099585391,0.999,10000
376,112.66852982696129,77.7868748896755,3.510880465095804,0.07135657900213616,0.05173953158298004,0.9714330555652918,0.24211151638772743,0.8886258445032116,10000
377,208.97149635257992,100.66775471385945,3.628407643504919,0.0720348143831721,0.044567682630567006,1.0675386204527837,0.2693222220738306,0.7353176570074513,10000
378,293.13941022446403,177.98105787114386,4.087758979932156,0.05942304209397929,0.060123406219194236,0.8187711004760587,0.2949414906033961,0.7251868469848427,10000
379,166.6411541347858,128.14481055809665,3.716276946101921,0.08372799153332104,0.05324495899003551,0.8530078114334778,0.2543396783038245,0.8396481143499599,10000
380,198.4901478534779,224.1323947818619,3.72017116699136,0.06748420226470797,0.04015438864438656,1.0268739648772585,0.2952673669940011,0.999,10000
381,185.6993509151079,121.97837321832961,3.2585390429838097,0.05599626362114212,0.048012323102084746,0.9019099110094594,0.28482210477118924,0.8912989271867743,10000
382,121.82970919088947,95.63679162287868,3.4537345800271315,0.06792273648891424,0.05689145950445442,0.888822406867434,0.2772203451260818,0.8808609576881318,10000
383,141.0889637312779,129.35778925289296,3.8949984906024424,0.08596387604080477,0.06278739467223501,0.9202130196086885,0.19939285669624338,0.9660999656657219,10000
384,127.99928655928248,123.2835830492547,4.092908506508206,0.06351953431019808,0.057366599843252326,0.9339078264642058,0.20073247075740225,0.9003266980344216,10000
385,124.55317897446649,150.0265876609638,3.539236614265209,0.05660422648748907,0.05032258568296321,0.8991073929742327,0.20717516516831605,0.9189073289659673,10000
386,292.6659449638793,245.92393147500223,2.9209708922987874,0.06303439553956286,0.05263156138879065,0.7866602471755219,0.19561671992412605,0.7630660648149203,10000
387,158.40436894718712,163.72284015171448,3.356235108149891,0.06649605221638084,0.043427731458363907,1.025428017815041,0.20639635529086092,0.999,10000
388,211.20427808671363,156.8544729881495,3.0941785894443363,0.06267919642495287,0.04580061188692918,1.1195001428946165,0.20921249087692362,0.7693619689182559,10000
389,208.26573869196903,124.55014523252572,3.417222255961827,0.06894356866002813,0.05834024921521522,1.1278745261232632,0.26374048861000127,0.8680913301660812,10000
390,179.73826225511536,120.3136204576821,3.9967279460745084,0.07404472361878264,0.04620375338977546,1.0496646118535444,0.26574341107274274,0.9115193119136418,10000
391,139.61716672944533,104.60468817087983,3.5319379808295595,0.060544754656587436,0.042954396682058596,0.879881219358769,0.235719190898399,0.9042420938080556,10000
392,166.9188158735779,129.39809646489206,3.7329937138161187,0.06780782088378663,0.042057238631032355,0.917889138184218,0.23081532536272648,0.95166747425325,10000
393,192.02425395638053,115.54841270649669,4.03607620597064,0.0626926735668234,0.040944268269730424,1.0452467726145795,0.21651227181215552,0.7888071428213991,10000
394,162.7616002006495,150.64032899527837,3.5166359269665244,0.05993172943426061,0.0415410555239726,1.0274214773425396,0.2357246637997549,0.999,10000
395,139.00397215233215,100.43858218115406,4.245297041916013,0.062244041308741005,0.055157687707852544,1.0299881808152478,0.23937854537650852,0.8447777098330377,10000
396,176.5592972758161,214.36615292163225,3.4190399941971163,0.08206163017688044,0.05004468646659501,0.8127166933756553,0.29188119915699756,0.9233755120138156,10000
397,194.19562748108362,101.20824761994399,2.805294058894715,0.07894162869646956,0.054279452579187586,0.7737711957427558,0.22547417044247456,0.8420450679821037,10000
398,162.88772648768352,176.63379395497697,2.9879147724789346,0.08341156762941877,0.0434523724381372,1.0434349692593958,0.20976425944795996,0.999,10000
399,193.24672427048117,219.48147928332924,3.6808436253192243,0.08476365956113545,0.062012291308889786,1.1480487526647325,0.2779235123716844,0.8929222026203403,10000
400,183.58878524397306,176.12603482799616,3.3138528661481206,0.07668218484990547,0.05890563275092795,1.1085466155326669,0.19292779163162735,0.999,10000
401,219.551133479959,129.8773991341354,4.021898641274544,0.061521703341666414,0.044479508751706434,0.7770319508281233,0.21941766387037245,0.8392223222617186,10000
402,206.53060551621442,230.41287269022473,3.3831921171610717,0.07220854087342264,0.060359621173035595,1.010329731899372,0.28900113655792936,0.999,10000
403,175.26727274843844,184.3099451222037,3.8986248201840144,0.06573336131424407,0.05352915570341752,1.0831570300801994,0.20667038672799043,0.999,10000
404,217.16379822017322,149.75814629608948,3.6959641158058627,0.07187486190515952,0.05344676344417362,0.8461651326794843,0.2885810809027219,0.7292766939881291,10000
